G GS MPG FG% 3p% FT% OFF DEF RPG APG SPG BPG TO PF PPG Class
362 223 24.4 0.466 0.405 0.800 0.6 2.1 2.7 1.5 0.5 0.3 0.8 2.0 8.8 1
19 0 11.9 0.273 0.298 0.970 0.1 1.1 1.2 1.2 0.4 0.0 1.2 1.4 4.6 1
1148 1140 36.9 0.452 0.400 0.894 1.0 3.2 4.2 3.6 1.2 0.2 2.2 2.3 20.0 1
466 170 19.8 0.482 0.284 0.745 0.9 1.9 2.8 1.3 1.2 0.4 1.4 2.2 7.8 1
38 1 9.5 0.381 0.292 0.743 0.3 0.9 1.2 0.3 0.3 0.1 0.5 1.1 3.1 1
70 19 18.3 0.413 0.381 0.827 0.6 1.3 1.9 1.1 0.3 0.1 1.1 1.7 6.7 1
77 4 11.5 0.380 0.325 0.757 0.2 1.1 1.3 0.8 0.1 0.1 0.6 0.8 3.7 1
552 455 35.0 0.421 0.351 0.803 0.8 3.1 3.9 5.3 1.6 0.2 3.2 3.0 20.7 1
282 142 26.8 0.407 0.374 0.876 0.3 1.7 2.0 4.4 0.6 0.0 1.6 1.7 10.9 1
208 84 24.2 0.459 0.409 0.770 1.2 2.8 4.0 1.1 0.6 0.5 1.0 2.0 10.5 1
588 109 24.6 0.461 0.391 0.823 0.4 1.8 2.3 2.4 0.9 0.1 1.5 2.2 12.5 1
356 56 18.2 0.429 0.358 0.803 0.3 1.6 1.9 3.3 0.4 0.0 1.4 1.4 7.6 1
255 202 26.2 0.460 0.372 0.836 1.2 2.7 3.9 1.3 0.8 0.7 1.0 2.0 10.2 1
229 36 18.2 0.412 0.350 0.822 0.3 1.5 1.8 2.8 0.4 0.1 1.4 2.0 8.1 1
137 54 17.1 0.452 0.332 0.815 0.3 1.8 2.1 2.1 0.8 0.4 1.2 1.9 8.1 1
287 148 21.5 0.424 0.393 0.796 0.2 1.5 1.8 1.3 0.6 0.1 1.0 1.5 8.9 1
706 479 28.1 0.434 0.406 0.799 0.6 2.2 2.8 1.7 0.7 0.2 1.0 2.6 9.9 1
1001 950 33.9 0.436 0.379 0.802 0.5 2.6 3.1 5.5 1.2 0.2 2.1 1.9 14.7 1
1002 908 32.2 0.416 0.389 0.894 0.5 2.5 2.9 5.5 1.0 0.2 2.1 2.1 15.5 1
631 304 24.8 0.404 0.387 0.785 0.3 1.8 2.1 3.9 0.7 0.1 1.4 1.5 6.9 1
121 26 19.0 0.417 0.260 0.718 0.7 1.6 2.4 2.9 1.0 0.3 2.0 1.6 5.6 1
652 34 19.9 0.417 0.348 0.876 0.4 0.9 1.3 3.2 0.6 0.0 1.2 1.0 8.9 1
95 28 16.1 0.475 0.373 0.756 0.4 1.0 1.4 1.0 0.6 0.1 1.0 1.4 5.6 1
418 267 25.2 0.501 0.244 0.686 1.0 2.1 3.0 1.8 1.4 0.3 0.9 1.2 9.0 1
56 47 29.4 0.428 0.313 0.764 1.3 2.3 3.6 2.3 0.9 0.3 2.1 2.1 12.6 1
315 35 17.7 0.422 0.344 0.819 0.4 1.4 1.8 1.1 0.7 0.2 0.9 1.3 7.7 1
1161 1013 36.5 0.453 0.337 0.838 1.2 4.1 5.3 4.7 1.5 0.5 3.0 2.6 25.4 1
59 0 15.9 0.429 0.333 0.727 1.0 1.3 2.2 0.9 0.5 0.1 0.9 1.4 7.2 1
42 0 8.5 0.405 0.182 0.768 0.5 0.8 1.3 0.3 0.3 0.1 0.3 0.5 2.6 1
2 0 18.0 0.273 0.000 1.000 3.0 2.5 5.5 0.5 1.0 0.0 0.0 1.0 5.0 1
232 26 18.4 0.438 0.247 0.798 0.3 1.2 1.5 3.1 0.7 0.1 1.5 1.8 7.7 1
480 293 28.4 0.482 0.381 0.875 0.4 2.2 2.5 7.2 0.9 0.1 1.7 1.8 9.9 1
458 84 16.6 0.413 0.384 0.841 0.3 1.6 1.9 0.7 0.5 0.1 0.6 1.5 6.6 1
986 947 35.7 0.444 0.374 0.798 1.4 3.7 5.1 3.9 1.2 0.7 2.2 2.9 21.4 1
289 196 27.1 0.419 0.359 0.781 0.3 2.0 2.4 3.6 1.5 0.1 1.8 2.6 8.3 1
65 2 19.4 0.393 0.276 0.776 0.3 1.1 1.4 2.0 0.7 0.0 1.6 1.9 6.8 1
215 172 29.5 0.460 0.363 0.853 0.5 2.3 2.8 5.2 1.0 0.2 2.4 1.4 12.1 1
358 329 32.1 0.440 0.379 0.775 0.4 2.5 2.8 5.4 1.5 0.1 2.0 2.0 11.9 1
279 48 19.9 0.374 0.365 0.817 0.2 2.1 2.3 0.8 0.4 0.2 0.6 1.6 7.1 1
812 399 31.8 0.408 0.348 0.852 0.4 2.2 2.6 3.9 1.0 0.2 2.0 1.6 15.3 1
106 50 26.2 0.394 0.279 0.815 0.7 1.9 2.6 2.9 0.9 0.1 2.1 1.6 13.5 1
180 174 34.0 0.473 0.441 0.901 0.6 3.4 4.1 5.8 1.7 0.3 3.0 3.0 17.5 1
489 113 21.7 0.458 0.226 0.720 1.0 1.9 2.9 1.8 0.9 0.3 1.2 1.6 8.2 1
835 692 34.2 0.409 0.320 0.711 0.9 2.9 3.8 7.2 1.8 0.4 2.8 2.8 16.1 1
440 165 22.5 0.400 0.362 0.749 0.6 3.0 3.6 1.7 0.9 0.2 1.0 1.6 7.7 1
222 210 30.3 0.457 0.206 0.802 0.8 2.6 3.4 1.5 0.8 0.3 1.5 2.5 14.1 1
721 86 19.5 0.415 0.349 0.799 0.2 1.2 1.3 2.2 0.6 0.1 1.1 1.7 7.0 1
175 30 21.2 0.409 0.353 0.806 0.7 1.7 2.4 2.5 0.9 0.0 1.1 2.0 9.0 1
271 36 19.0 0.444 0.364 0.737 0.6 1.6 2.2 3.3 0.8 0.1 1.8 1.9 8.0 1
370 97 23.5 0.474 0.409 0.731 1.4 2.4 3.8 1.3 0.9 0.2 0.8 1.7 8.5 1
560 310 26.3 0.394 0.363 0.789 0.3 2.0 2.3 4.6 0.8 0.1 1.6 1.6 6.8 1
682 426 28.5 0.444 0.365 0.798 0.8 3.8 4.6 2.4 0.8 0.3 1.6 2.1 12.1 1
9 1 20.0 0.396 0.125 0.778 0.2 1.9 2.1 2.0 1.2 0.2 2.2 2.1 7.4 1
189 13 18.7 0.412 0.376 0.828 0.4 1.6 1.9 0.9 0.4 0.1 0.8 1.1 6.5 1
434 355 35.7 0.464 0.327 0.773 0.8 2.9 3.7 4.5 1.7 0.3 2.8 2.5 19.5 1
562 123 19.4 0.442 0.363 0.785 1.0 1.5 2.5 0.7 0.5 0.2 0.5 1.7 6.7 1
192 186 36.2 0.441 0.255 0.762 0.9 4.0 4.9 5.3 1.4 0.4 3.0 2.5 18.2 1
413 25 19.5 0.427 0.367 0.728 0.3 1.6 1.9 2.8 0.8 0.1 1.3 1.4 7.7 1
534 479 34.8 0.412 0.330 0.787 0.6 2.7 3.3 6.7 1.4 0.2 2.6 2.2 13.4 1
249 10 24.0 0.399 0.360 0.840 0.5 1.9 2.4 2.2 1.0 0.2 1.2 1.5 9.1 1
148 143 30.0 0.480 0.344 0.669 1.1 4.3 5.4 2.2 1.1 0.2 1.4 1.4 9.3 1
1173 722 26.2 0.400 0.373 0.816 0.3 1.8 2.1 3.1 1.1 0.1 1.2 2.1 8.6 1
163 90 22.9 0.400 0.338 0.809 0.3 1.6 1.9 3.9 0.8 0.0 2.3 1.1 9.2 1
10 0 9.5 0.344 0.231 0.667 0.6 0.9 1.5 1.0 0.3 0.0 1.0 0.5 3.5 1
389 214 27.1 0.411 0.366 0.861 0.4 2.0 2.4 3.2 0.7 0.3 1.6 2.2 11.6 1
61 7 18.6 0.386 0.361 0.833 0.3 0.9 1.2 1.8 0.5 0.0 1.1 1.2 7.6 1
113 12 11.6 0.397 0.301 0.562 0.4 1.1 1.5 1.8 0.7 0.0 0.8 0.9 4.5 1
422 113 22.6 0.437 0.360 0.808 0.6 2.2 2.8 1.4 0.8 0.7 1.1 2.4 8.6 1
127 85 25.4 0.445 0.352 0.788 0.7 3.9 4.7 1.8 1.3 0.5 1.5 2.5 10.0 1
351 74 23.9 0.409 0.416 0.786 0.4 1.7 2.1 2.0 0.6 0.2 1.0 2.1 8.2 1
667 346 27.9 0.452 0.373 0.835 0.8 3.2 4.0 3.9 1.5 0.3 2.1 2.2 15.2 1
594 269 29.9 0.436 0.406 0.859 0.5 2.2 2.7 2.8 0.8 0.2 2.2 2.5 16.5 1
205 190 35.7 0.452 0.370 0.807 0.6 2.1 2.7 3.3 1.1 0.4 2.4 2.0 18.2 1
40 0 10.4 0.391 0.373 0.917 0.1 0.7 0.8 0.5 0.1 0.0 0.5 0.8 4.4 1
94 38 18.4 0.441 0.418 0.783 0.7 2.1 2.8 1.0 0.7 0.5 0.8 1.3 7.3 1
212 43 17.3 0.433 0.366 0.799 0.6 1.7 2.2 0.8 0.5 0.2 1.2 2.0 8.3 1
552 226 21.3 0.428 0.334 0.762 0.4 1.5 1.9 1.5 0.6 0.1 1.1 1.8 9.1 1
26 2 9.9 0.432 0.362 0.400 0.4 2.0 2.4 0.8 0.2 0.1 0.6 0.6 4.4 1
871 738 32.7 0.450 0.348 0.851 0.9 2.3 3.2 3.5 0.8 0.1 2.2 2.6 17.5 1
220 7 26.7 0.444 0.370 0.835 0.5 2.9 3.4 2.5 1.1 0.3 1.6 2.5 12.7 1
543 408 28.1 0.441 0.315 0.801 0.4 2.0 2.4 5.0 1.2 0.2 2.2 2.5 13.1 1
80 20 17.4 0.383 0.359 0.737 0.6 2.0 2.6 1.4 0.6 0.2 1.1 1.2 6.2 1
22 1 14.5 0.349 0.205 0.667 0.8 1.5 2.3 1.2 0.4 0.1 1.1 1.5 3.6 1
166 85 23.2 0.450 0.216 0.768 0.8 2.2 2.9 1.4 0.7 0.4 1.1 1.6 9.6 1
83 16 15.5 0.399 0.265 0.620 0.4 1.3 1.7 0.6 0.4 0.1 0.6 1.3 4.9 1
38 0 11.1 0.325 0.200 0.700 0.2 0.7 0.9 0.9 0.1 0.2 1.0 1.1 3.9 1
281 64 24.8 0.451 0.376 0.806 0.5 2.1 2.5 2.5 0.8 0.3 1.2 2.2 9.8 1
634 515 33.0 0.417 0.378 0.811 0.4 2.8 3.2 5.4 1.2 0.3 2.0 3.0 12.5 1
220 198 31.2 0.440 0.377 0.798 0.8 2.5 3.3 5.0 1.4 0.3 2.3 2.2 11.9 1
52 0 10.3 0.372 0.263 0.810 0.3 1.0 1.3 1.3 0.5 0.1 1.0 0.9 4.8 1
615 615 37.7 0.461 0.331 0.737 1.1 4.8 5.8 4.9 1.8 0.5 2.4 2.1 15.3 1
51 51 30.5 0.469 0.399 0.872 0.9 2.9 3.7 5.4 1.1 0.4 3.1 2.2 18.5 1
437 109 12.5 0.404 0.347 0.713 0.3 0.8 1.1 1.1 0.5 0.1 0.5 1.6 3.4 1
532 249 27.6 0.447 0.350 0.853 0.3 2.4 2.7 4.2 0.8 0.1 1.9 1.9 10.8 1
45 0 11.1 0.321 0.210 0.862 0.3 0.9 1.2 1.6 0.6 0.0 0.8 0.7 3.1 1
794 670 33.0 0.416 0.337 0.800 0.8 3.2 4.0 3.2 1.3 0.4 2.6 2.4 15.9 1
539 263 24.9 0.420 0.379 0.803 0.4 1.9 2.3 3.6 0.8 0.1 1.6 2.0 10.4 1
51 28 17.5 0.447 0.150 0.872 0.2 1.2 1.3 3.3 0.6 0.1 1.2 1.7 5.8 1
211 209 34.0 0.393 0.345 0.811 0.7 2.9 3.5 5.4 1.4 0.3 2.3 2.1 16.8 1
47 0 8.5 0.458 0.400 0.679 0.3 0.8 1.0 1.2 0.2 0.0 0.9 0.9 3.3 1
831 761 36.7 0.444 0.368 0.797 1.0 3.2 4.2 4.4 1.0 0.2 2.2 1.9 17.8 1
144 127 24.6 0.398 0.341 0.698 0.5 2.4 2.9 1.4 0.6 0.7 1.1 1.9 7.7 1
511 138 16.8 0.447 0.354 0.748 0.4 1.4 1.9 0.9 0.5 0.3 0.9 2.1 6.0 1
51 1 7.7 0.364 0.083 0.796 0.3 1.1 1.4 1.2 0.3 0.2 0.8 0.7 2.5 1
498 83 18.3 0.401 0.402 0.855 0.4 1.8 2.2 0.6 0.4 0.4 0.4 1.5 6.0 1
29 1 9.1 0.314 0.200 0.647 0.2 0.7 0.9 1.2 0.2 0.1 0.4 0.6 2.0 1
2 0 29.0 0.417 0.500 0.000 0.5 3.0 3.5 1.5 1.0 0.0 1.5 3.5 6.0 1
1315 1302 36.6 0.401 0.349 0.784 1.3 5.1 6.4 9.0 2.0 0.3 3.0 1.9 13.0 1
389 62 20.1 0.441 0.337 0.759 1.0 2.7 3.6 0.8 0.4 0.2 1.0 2.2 8.8 1
66 60 32.2 0.415 0.380 0.759 0.5 2.7 3.2 3.8 0.7 0.2 2.6 2.3 12.8 1
664 110 24.2 0.431 0.413 0.877 0.3 2.5 2.8 1.6 0.7 0.3 1.0 2.2 9.5 1
206 100 26.9 0.499 0.388 0.785 0.8 1.9 2.7 4.8 1.0 0.1 1.8 1.5 12.0 1
287 135 27.2 0.439 0.386 0.832 0.5 2.2 2.8 1.4 1.0 0.3 1.0 1.7 10.0 1
19 0 12.8 0.390 0.200 0.824 0.5 0.9 1.4 1.6 0.4 0.2 0.9 1.2 3.3 1
64 39 24.0 0.493 0.376 0.773 1.6 3.5 5.1 1.1 1.3 0.4 0.7 1.4 7.9 1
10 0 4.5 0.357 0.000 0.444 0.6 0.3 0.9 0.5 0.2 0.2 0.2 0.4 1.4 1
17 0 6.8 0.480 0.000 0.474 0.4 0.5 0.9 0.3 0.4 0.0 0.6 0.4 1.9 1
64 25 19.1 0.437 0.313 0.793 0.5 1.7 2.2 4.0 1.4 0.3 2.2 1.7 9.2 1
324 106 22.6 0.460 0.231 0.778 0.6 1.9 2.6 3.5 0.7 0.4 1.6 2.0 6.8 1
359 139 26.9 0.420 0.330 0.783 0.8 2.6 3.5 4.8 1.1 0.2 1.8 2.4 10.4 1
111 2 11.0 0.398 0.344 0.811 0.3 0.8 1.1 1.4 0.4 0.0 0.6 0.8 5.0 1
64 0 12.2 0.400 0.286 0.712 0.2 1.3 1.4 2.0 0.4 0.0 0.8 0.8 3.6 1
475 387 31.3 0.443 0.377 0.865 0.6 2.8 3.5 2.1 0.9 0.1 1.8 2.0 18.4 1
230 170 30.5 0.445 0.393 0.844 0.7 2.3 2.9 1.7 1.1 0.2 1.3 2.2 12.9 1
172 2 15.1 0.408 0.353 0.733 0.3 1.2 1.5 3.1 0.5 0.1 1.0 1.3 4.5 1
301 181 32.8 0.433 0.375 0.817 0.6 2.7 3.3 2.7 1.1 0.3 2.1 2.1 15.2 1
200 114 22.1 0.411 0.371 0.884 0.2 1.9 2.2 0.9 0.6 0.1 0.6 1.2 8.1 1
389 159 19.3 0.419 0.329 0.787 0.5 1.7 2.2 1.3 0.7 0.3 0.9 2.3 8.4 1
1044 922 33.9 0.458 0.205 0.807 1.2 2.9 4.0 7.2 1.3 0.2 2.6 2.4 14.1 1
90 3 12.0 0.432 0.378 0.797 0.3 0.6 0.9 1.7 0.4 0.0 1.0 0.9 6.0 1
38 0 8.7 0.381 0.378 1.000 0.1 0.8 0.9 0.9 0.3 0.1 0.6 0.9 2.9 1
19 0 8.9 0.429 0.444 0.667 0.1 0.7 0.8 1.1 0.1 0.0 1.0 0.8 2.4 1
256 119 27.4 0.451 0.426 0.897 0.8 2.1 3.0 1.2 0.6 0.2 1.0 2.0 12.1 1
1152 993 31.4 0.491 0.428 0.904 0.5 2.5 3.0 8.6 0.8 0.1 2.9 1.6 14.5 1
136 8 21.3 0.445 0.419 0.798 0.2 2.1 2.3 1.6 0.4 0.0 1.0 1.6 9.9 1
527 432 28.2 0.456 0.388 0.808 0.5 2.5 3.0 5.0 0.9 0.1 2.2 2.6 12.4 1
429 18 15.4 0.390 0.354 0.866 0.2 1.3 1.5 2.0 0.5 0.1 1.1 1.4 6.5 1
44 5 9.6 0.333 0.263 0.593 0.3 0.6 0.8 1.3 0.3 0.0 1.0 1.0 2.9 1
494 423 27.8 0.444 0.404 0.794 0.5 2.7 3.2 2.3 0.9 0.2 1.0 1.6 9.1 1
806 793 32.9 0.492 0.310 0.738 0.4 2.6 3.0 5.9 1.0 0.1 2.5 1.8 16.8 1
485 485 37.0 0.472 0.361 0.854 0.7 3.7 4.5 9.8 2.4 0.1 2.4 2.5 18.8 1
528 141 15.8 0.406 0.349 0.679 0.3 1.4 1.8 0.9 0.5 0.2 0.8 1.8 5.1 1
538 156 21.5 0.427 0.357 0.665 0.8 2.3 3.1 0.8 0.7 0.4 1.0 2.3 8.4 1
150 3 14.9 0.375 0.309 0.743 0.3 1.2 1.5 2.0 0.6 0.0 1.0 1.0 6.0 1
355 33 11.5 0.389 0.304 0.729 0.3 0.8 1.1 1.4 0.6 0.1 0.8 1.5 3.6 1
629 429 32.0 0.447 0.380 0.838 1.0 2.8 3.8 2.1 0.9 0.1 1.5 1.6 19.0 1
346 41 20.5 0.427 0.400 0.876 0.2 1.6 1.7 1.6 0.4 0.0 0.8 1.3 8.4 1
805 794 34.6 0.441 0.372 0.708 1.2 3.8 5.0 2.7 1.2 0.4 1.8 2.3 17.5 1
640 397 27.1 0.431 0.357 0.868 0.5 1.9 2.4 4.9 1.1 0.2 1.7 2.2 9.9 1
448 81 23.0 0.425 0.354 0.798 0.7 1.8 2.5 2.8 0.9 0.1 1.4 2.5 11.2 1
437 384 32.6 0.481 0.241 0.619 1.1 3.3 4.4 8.1 1.9 0.1 2.7 2.2 10.8 1
279 278 36.8 0.464 0.310 0.815 1.0 2.9 3.8 6.8 0.9 0.4 2.9 1.5 21.0 1
41 31 34.2 0.357 0.340 0.803 0.5 3.7 4.2 8.2 2.2 0.2 3.2 2.4 10.6 1
289 105 26.9 0.439 0.413 0.720 0.5 3.1 3.6 1.1 0.6 0.7 1.1 1.6 9.1 1
28 0 12.8 0.347 0.308 0.636 0.3 0.7 0.9 2.1 0.6 0.0 1.2 1.0 3.0 1
720 349 26.9 0.440 0.363 0.802 0.5 2.5 3.1 2.5 0.9 0.3 1.4 1.9 10.0 1
409 265 22.2 0.438 0.322 0.730 0.7 3.0 3.7 1.5 1.0 0.5 1.0 1.8 5.4 1
28 0 8.4 0.347 0.133 0.786 0.1 0.5 0.5 1.1 0.2 0.0 1.0 0.6 2.3 1
323 108 25.4 0.449 0.333 0.787 0.6 2.5 3.1 5.0 0.8 0.1 2.0 1.6 11.1 1
59 35 28.9 0.401 0.306 0.798 0.7 2.4 3.2 2.8 1.7 0.1 1.9 2.9 9.5 1
2 0 19.0 0.267 0.167 0.667 1.0 1.0 2.0 1.5 0.0 0.0 1.5 2.5 5.5 1
33 11 20.3 0.399 0.080 0.767 0.5 1.5 2.0 3.2 0.4 0.1 1.5 1.1 5.5 1
69 4 9.8 0.378 0.316 0.613 0.2 1.0 1.2 1.7 0.5 0.1 0.7 0.8 2.5 1
538 130 24.2 0.427 0.369 0.740 0.5 2.4 2.9 2.0 1.0 0.2 1.5 2.1 12.5 1
44 4 12.3 0.372 0.289 0.714 0.4 0.9 1.3 1.4 0.4 0.1 1.0 1.2 3.8 1
54 1 10.3 0.366 0.114 0.613 0.2 1.1 1.3 1.2 0.5 0.1 1.0 0.8 2.6 1
22 2 8.1 0.419 0.182 0.727 0.2 0.9 1.1 1.7 0.4 0.3 0.5 0.8 1.6 1
334 236 29.7 0.424 0.281 0.834 0.8 2.3 3.1 4.4 1.0 0.2 2.0 2.5 13.8 1
207 76 18.7 0.451 0.332 0.779 0.2 1.4 1.6 2.8 0.9 0.4 1.2 1.5 6.9 1
489 190 22.2 0.393 0.314 0.779 0.3 1.3 1.6 3.6 0.8 0.1 1.6 2.2 7.6 1
1022 626 33.5 0.448 0.380 0.846 0.4 2.2 2.7 4.7 1.3 0.2 2.1 2.0 16.1 1
65 37 25.5 0.448 0.379 0.832 0.7 1.8 2.6 4.1 0.8 0.1 1.6 1.9 11.5 1
66 29 24.3 0.443 0.414 0.868 0.4 2.1 2.4 2.0 0.7 0.3 1.6 2.3 12.5 1
197 91 27.5 0.441 0.362 0.821 1.1 2.2 3.3 1.8 1.0 0.2 1.3 1.8 14.9 1
473 367 27.7 0.395 0.302 0.717 0.7 2.4 3.1 6.4 1.5 0.3 2.7 2.5 9.3 1
143 34 24.5 0.436 0.269 0.747 0.5 4.3 4.8 2.4 0.6 0.2 1.3 1.8 8.2 1
562 234 23.7 0.464 0.354 0.827 0.4 1.8 2.2 3.5 0.8 0.1 1.5 1.7 9.2 1
60 8 13.4 0.395 0.333 0.587 0.8 1.3 2.1 2.2 0.5 0.2 0.7 1.0 4.0 1
136 27 18.9 0.423 0.308 0.807 0.3 1.6 1.8 3.8 0.6 0.1 1.6 1.5 6.2 1
596 588 37.2 0.486 0.291 0.770 1.3 3.7 5.1 6.2 1.8 1.0 3.6 2.5 25.2 1
200 14 12.4 0.420 0.325 0.751 0.2 1.0 1.2 0.7 0.4 0.1 0.6 0.8 5.3 1
66 25 27.2 0.366 0.305 0.789 0.5 3.1 3.5 4.4 0.9 0.3 1.8 1.2 12.1 1
135 130 37.0 0.416 0.236 0.777 0.6 4.0 4.6 8.2 1.6 0.7 3.8 2.3 16.3 1
305 59 20.6 0.422 0.372 0.807 0.4 1.6 1.9 2.6 1.0 0.1 1.1 1.5 7.8 1
806 223 23.0 0.414 0.327 0.703 0.5 1.8 2.3 4.5 1.0 0.2 1.8 2.0 6.8 1
394 191 23.4 0.414 0.374 0.770 0.6 2.5 3.2 0.8 0.5 0.3 0.9 1.8 8.4 1
432 258 27.4 0.448 0.372 0.826 0.5 2.4 2.9 3.6 1.1 0.4 1.6 1.9 9.7 1
312 295 34.2 0.430 0.289 0.818 1.7 3.0 4.7 6.8 1.6 0.3 3.5 2.4 19.0 1
502 128 19.4 0.423 0.330 0.789 0.8 1.7 2.5 1.4 0.8 0.2 0.9 1.7 6.3 1
506 473 35.7 0.455 0.351 0.812 0.5 2.8 3.3 9.2 1.1 0.2 3.2 2.6 17.6 1
24 0 6.2 0.500 0.296 0.333 0.3 0.5 0.8 0.3 0.2 0.1 0.2 0.8 3.7 1
455 38 21.9 0.421 0.337 0.798 0.4 1.6 2.0 3.0 0.8 0.2 1.4 1.4 11.3 1
589 432 30.4 0.441 0.387 0.869 0.5 2.4 3.0 4.9 1.0 0.1 2.3 2.5 13.8 1
137 32 23.0 0.463 0.382 0.767 0.7 2.4 3.1 1.8 0.5 0.1 0.9 1.5 10.1 1
129 9 20.2 0.404 0.315 0.682 0.5 3.4 3.9 2.5 0.6 0.1 1.6 1.4 7.6 1
357 105 22.9 0.429 0.378 0.828 0.4 1.5 1.9 0.9 0.5 0.2 1.2 2.0 11.4 1
193 49 17.0 0.449 0.268 0.770 0.7 1.6 2.3 0.7 0.6 0.2 0.9 1.3 6.6 1
26 0 7.0 0.314 0.000 0.700 0.8 1.5 2.3 0.2 0.2 0.4 0.3 0.6 1.5 2
44 0 7.1 0.526 0.000 0.833 0.6 1.3 1.9 0.2 0.3 0.5 0.4 1.2 1.7 2
41 15 15.2 0.473 0.000 0.786 1.1 3.0 4.2 0.8 0.3 0.4 0.5 1.8 4.1 2
482 10 17.8 0.508 0.087 0.642 1.8 3.4 5.2 0.5 0.4 1.6 0.8 2.0 5.4 2
308 107 18.4 0.509 0.000 0.668 1.5 2.0 3.4 0.2 0.3 1.3 0.6 2.2 2.7 2
148 2 13.2 0.529 0.000 0.484 1.6 2.8 4.4 0.4 0.3 0.8 0.9 1.9 2.9 2
54 24 20.1 0.536 0.000 0.619 1.6 3.3 4.9 1.4 1.0 0.8 0.8 2.2 5.9 2
398 291 30.5 0.440 0.365 0.824 0.9 4.0 4.9 1.3 0.4 0.9 1.7 2.7 15.4 2
837 429 21.1 0.488 0.162 0.690 1.6 3.5 5.1 0.6 0.5 0.8 0.8 2.6 6.1 2
457 302 23.2 0.595 0.000 0.506 2.5 5.0 7.6 1.0 0.7 1.2 1.0 3.3 7.0 2
63 41 23.1 0.464 0.000 0.483 1.8 4.0 5.8 0.4 0.3 1.8 1.1 2.3 5.2 2
227 150 20.2 0.528 0.000 0.602 2.5 3.8 6.4 1.0 0.9 0.4 1.4 2.7 8.5 2
408 400 32.7 0.522 0.045 0.574 2.8 6.5 9.3 2.3 0.7 1.6 2.0 3.3 12.7 2
561 87 18.9 0.467 0.415 0.780 1.0 2.5 3.5 0.8 0.4 0.3 0.4 1.9 6.8 2
585 270 22.4 0.492 0.111 0.573 1.8 3.8 5.6 0.9 0.5 0.6 1.3 2.3 6.8 2
392 300 26.0 0.566 0.111 0.687 2.4 5.4 7.8 1.2 0.3 1.6 1.6 2.5 11.7 2
949 782 30.0 0.467 0.205 0.672 2.7 7.2 9.9 1.9 1.0 2.4 1.4 2.8 9.7 2
724 527 28.1 0.578 0.000 0.633 3.1 5.9 8.9 0.8 0.6 1.4 1.6 3.1 8.6 2
675 467 21.3 0.412 0.226 0.645 1.3 2.6 3.9 0.9 0.5 0.5 0.9 2.9 3.8 2
588 169 23.2 0.536 0.059 0.728 2.3 3.8 6.1 0.9 0.5 0.6 1.1 3.1 7.1 2
421 74 13.4 0.439 0.382 0.783 0.7 1.9 2.6 0.6 0.3 0.3 0.6 1.9 5.5 2
145 124 29.4 0.439 0.156 0.694 3.3 6.3 9.7 2.1 1.2 1.0 3.0 4.1 15.9 2
525 411 24.9 0.545 1.000 0.643 1.8 3.4 5.2 0.5 0.3 0.7 2.2 3.0 13.0 2
727 582 25.8 0.518 0.000 0.704 2.7 5.5 8.2 0.5 0.5 1.9 1.5 3.1 8.0 2
987 771 24.3 0.498 0.125 0.626 2.8 4.3 7.1 0.8 0.3 1.4 1.4 2.9 7.4 2
338 44 21.4 0.443 0.158 0.706 1.6 2.8 4.3 0.8 0.7 0.3 1.0 2.5 7.9 2
680 468 30.1 0.492 0.333 0.708 1.4 3.5 4.9 4.0 0.7 0.6 2.0 2.4 9.5 2
579 92 14.1 0.430 0.200 0.468 1.4 2.3 3.7 0.4 0.4 1.1 0.6 2.1 2.0 2
69 17 13.4 0.546 0.000 0.594 0.8 1.9 2.8 0.4 0.4 0.4 0.7 2.4 3.8 2
143 36 20.4 0.508 0.000 0.624 2.3 3.6 5.9 0.6 0.5 0.9 1.3 2.7 7.7 2
135 7 8.2 0.496 0.000 0.410 0.7 1.3 2.0 0.3 0.1 0.4 0.5 1.7 2.3 2
764 345 20.6 0.497 0.130 0.615 2.8 4.1 6.9 0.9 0.7 0.4 0.8 2.5 4.9 2
500 258 23.9 0.445 0.390 0.814 1.2 4.0 5.2 1.0 0.5 0.7 1.0 2.9 9.7 2
527 164 14.8 0.500 0.000 0.498 1.7 2.7 4.4 0.4 0.5 0.8 0.7 2.4 4.7 2
1255 1218 36.5 0.499 0.283 0.790 2.4 8.2 10.6 4.0 1.3 1.5 2.3 2.5 19.3 2
297 290 33.5 0.528 0.190 0.722 2.3 5.8 8.1 2.4 0.9 1.5 1.9 3.3 13.1 2
796 790 36.0 0.520 0.232 0.752 2.8 6.4 9.2 3.2 0.6 1.7 2.3 2.3 18.7 2
26 7 9.7 0.424 0.000 0.500 0.5 1.7 2.2 0.2 0.2 0.8 0.3 1.2 2.2 2
671 493 27.4 0.466 0.227 0.759 2.6 5.1 7.7 1.2 0.8 0.7 1.6 2.6 12.0 2
296 83 20.5 0.555 0.200 0.674 1.8 4.7 6.5 0.5 0.4 1.1 0.8 2.0 8.1 2
239 65 12.5 0.512 0.000 0.569 1.4 2.5 4.0 0.6 0.3 0.3 0.8 2.2 3.7 2
121 0 6.1 0.477 0.000 0.663 0.8 1.4 2.2 0.3 0.0 0.5 0.5 1.2 2.1 2
165 30 21.1 0.425 0.000 0.787 1.9 2.9 4.8 0.6 0.6 0.2 1.0 2.4 9.9 2
14 0 5.9 0.290 0.154 0.000 0.2 0.6 0.9 0.1 0.1 0.2 0.4 0.4 1.4 2
37 4 14.6 0.423 0.339 0.615 1.3 2.6 3.9 0.3 0.6 0.5 0.5 1.3 4.4 2
338 228 22.9 0.468 0.301 0.650 1.7 4.1 5.8 1.7 0.4 1.0 1.5 2.6 8.5 2
478 242 20.0 0.509 0.000 0.608 1.9 3.7 5.6 1.3 0.8 0.4 0.8 2.6 4.2 2
733 531 23.7 0.534 0.000 0.591 2.7 3.6 6.2 0.6 0.4 1.4 1.1 2.6 7.2 2
297 256 24.3 0.481 0.273 0.725 2.3 4.0 6.4 1.6 0.4 1.6 1.7 3.2 11.1 2
158 19 14.6 0.493 0.000 0.680 1.7 2.5 4.2 0.4 0.3 0.6 0.8 2.0 5.3 2
314 55 13.0 0.557 0.000 0.646 0.9 1.3 2.3 0.3 0.2 0.5 0.8 2.2 4.2 2
317 313 33.7 0.537 0.250 0.761 2.6 6.8 9.5 2.4 0.8 1.1 1.6 2.8 12.8 2
621 620 36.2 0.577 0.030 0.588 3.6 9.3 13.0 1.5 1.0 2.2 3.1 3.2 18.4 2
221 110 24.1 0.540 0.333 0.695 2.5 4.4 6.9 0.3 0.4 2.4 1.0 2.9 8.5 2
550 419 30.3 0.501 0.040 0.711 2.7 6.2 8.9 1.4 0.7 1.4 1.5 2.8 16.2 2
353 126 19.0 0.584 0.250 0.707 2.0 3.0 5.0 0.7 0.5 1.1 0.9 3.0 6.1 2
269 157 21.4 0.644 0.000 0.440 2.2 4.1 6.4 0.3 0.4 1.5 1.1 2.6 6.0 2
21 0 5.1 0.515 0.000 0.800 0.7 0.6 1.3 0.2 0.0 0.3 0.1 0.7 2.0 2
540 458 29.7 0.483 0.000 0.741 2.2 6.1 8.3 1.4 0.5 1.4 2.3 2.9 11.9 2
66 0 13.2 0.496 0.000 0.667 1.6 2.6 4.2 0.1 0.3 0.4 0.8 1.3 4.6 2
182 33 10.8 0.521 0.000 0.622 1.2 1.9 3.1 0.3 0.3 0.6 0.6 1.4 3.8 2
498 340 31.7 0.539 0.048 0.777 2.8 6.8 9.6 2.2 0.9 0.4 1.8 2.8 14.3 2
251 244 34.1 0.504 0.000 0.796 2.8 4.7 7.5 1.6 0.6 1.6 2.1 3.0 17.4 2
242 94 14.4 0.517 0.000 0.714 1.4 1.9 3.3 0.2 0.2 0.8 0.7 2.0 5.8 2
269 187 31.7 0.457 0.372 0.823 3.9 8.1 12.0 1.9 0.6 0.5 1.9 2.4 17.3 2
680 314 21.5 0.480 0.000 0.639 2.1 4.4 6.5 0.6 0.3 0.9 1.5 2.6 7.2 2
149 12 12.2 0.561 0.000 0.691 1.1 2.0 3.1 0.2 0.4 0.4 0.6 2.1 4.4 2
275 153 21.2 0.533 0.000 0.581 2.2 3.8 6.0 0.4 0.4 1.8 1.1 2.5 8.6 2
467 208 18.5 0.460 0.000 0.574 1.3 2.9 4.2 0.9 0.4 1.3 1.2 2.3 6.0 2
868 598 28.3 0.480 0.330 0.804 2.0 5.2 7.1 2.8 0.7 0.7 1.6 2.7 11.2 2
834 341 17.4 0.493 0.000 0.639 2.0 3.2 5.2 0.4 0.5 0.7 1.0 2.4 6.6 2
146 114 29.5 0.533 0.000 0.685 3.3 5.1 8.5 1.8 1.2 0.6 1.7 2.6 12.1 2
564 181 18.2 0.551 0.154 0.743 1.4 2.5 3.9 0.7 0.3 0.5 1.0 2.7 5.8 2
89 49 13.6 0.505 0.000 0.697 1.1 2.3 3.4 0.4 0.3 0.8 1.0 1.9 4.5 2
91 25 17.6 0.418 0.235 0.786 1.2 2.8 4.0 0.6 0.3 0.6 1.0 1.8 7.1 2
715 481 27.5 0.446 0.390 0.784 1.9 6.0 7.9 1.5 0.6 0.4 1.2 2.6 10.9 2
566 457 29.5 0.561 0.080 0.678 2.1 4.8 7.0 1.8 1.2 0.9 2.0 3.3 12.4 2
330 252 27.0 0.514 0.000 0.721 3.2 5.4 8.6 1.8 0.7 1.3 1.4 2.8 8.9 2
511 507 32.6 0.517 0.000 0.585 3.3 6.7 10.1 0.8 0.7 1.8 1.7 3.0 12.7 2
16 2 11.6 0.567 0.000 0.440 1.2 1.3 2.4 0.3 0.5 0.6 0.4 1.9 2.8 2
637 214 20.3 0.464 0.000 0.732 2.1 3.3 5.4 0.9 0.6 0.4 1.3 2.7 6.9 2
116 7 20.3 0.481 0.000 0.707 1.7 2.5 4.2 0.8 0.4 0.6 0.7 1.6 7.1 2
112 46 19.2 0.547 0.000 0.751 2.4 2.4 4.8 0.5 0.4 0.6 1.6 2.5 9.0 2
59 5 8.7 0.574 0.000 0.815 0.6 1.6 2.2 0.1 0.2 0.3 0.2 1.6 2.3 2
536 417 22.9 0.553 0.000 0.606 1.9 4.3 6.2 1.0 0.3 1.4 1.7 2.8 6.2 2
442 131 15.6 0.463 0.111 0.669 1.1 2.8 3.9 0.5 0.4 0.5 0.8 2.5 4.7 2
37 6 8.4 0.464 0.000 0.643 0.8 1.2 2.0 0.2 0.2 0.2 0.5 2.0 2.9 2
580 396 20.1 0.552 0.000 0.558 1.9 4.4 6.3 0.4 0.3 1.4 1.0 2.7 4.0 2
91 10 16.8 0.456 0.000 0.661 1.5 2.2 3.7 0.4 0.4 0.4 1.2 2.2 6.4 2
112 12 13.5 0.442 0.000 0.523 1.1 1.9 3.0 0.4 0.5 1.3 0.7 2.2 4.0 2
115 22 15.7 0.509 0.000 0.683 1.6 2.2 3.8 0.4 0.3 0.9 0.9 2.3 5.3 2
8 0 8.6 0.636 0.000 0.000 0.6 1.9 2.5 0.1 0.2 0.6 0.1 2.1 1.8 2
249 38 15.3 0.468 0.278 0.726 1.2 2.0 3.2 0.5 0.4 0.6 0.7 2.0 5.0 2
265 58 16.4 0.481 0.150 0.760 1.5 2.7 4.3 0.5 0.3 0.5 0.8 2.3 7.6 2
119 8 15.6 0.586 0.000 0.626 1.4 2.9 4.3 0.8 0.4 0.5 1.0 1.9 6.9 2
55 3 13.9 0.545 0.000 0.707 0.9 2.3 3.2 0.5 0.7 1.6 0.6 2.6 2.9 2
641 624 34.5 0.533 0.244 0.762 2.6 6.1 8.8 1.5 0.9 1.4 2.6 3.4 21.6 2
135 16 10.3 0.547 0.000 0.581 0.9 1.7 2.7 0.1 0.2 0.8 0.5 1.9 2.2 2
1071 633 25.0 0.485 0.258 0.762 1.8 5.0 6.8 1.1 0.7 0.8 1.2 3.3 8.3 2
60 25 23.7 0.439 0.000 0.552 3.1 3.4 6.5 0.5 0.4 1.0 1.4 2.2 8.2 2
375 95 17.8 0.530 0.000 0.677 1.1 2.7 3.8 1.5 0.4 1.4 0.8 2.6 5.2 2
42 23 13.5 0.421 0.000 0.558 1.3 2.0 3.3 0.4 0.4 0.5 0.9 2.0 4.9 2
119 29 19.5 0.433 0.000 0.719 1.5 2.1 3.7 0.8 0.5 1.6 0.8 2.7 4.8 2
444 128 25.1 0.519 0.037 0.609 2.4 4.8 7.2 1.0 0.9 0.7 0.9 2.8 7.3 2
51 15 15.9 0.450 0.375 0.529 1.7 3.1 4.8 0.6 0.4 0.7 0.6 2.2 5.5 2
1088 912 29.5 0.474 0.137 0.414 3.2 6.5 9.6 1.3 1.3 2.0 1.0 1.9 5.7 2
14 0 12.0 0.414 0.000 0.478 0.9 1.9 2.8 0.2 0.5 0.4 1.1 1.6 2.5 2
19 0 5.8 0.444 0.000 0.417 0.8 1.2 2.1 0.0 0.2 0.8 0.3 0.7 1.5 2
43 5 14.7 0.507 0.000 0.652 1.5 2.1 3.6 0.3 0.5 0.4 0.5 1.4 4.6 2
137 29 14.4 0.511 0.000 0.624 1.3 2.1 3.4 0.3 0.3 1.2 0.9 2.4 4.2 2
361 104 15.5 0.462 0.222 0.740 1.5 2.9 4.3 0.5 0.5 0.4 0.8 2.0 4.5 2
